{
	"tree": 
	{
		"children": 
		[
			{
				"children": 
				[
					
				],

				"observation": 19
			},

			{
				"children": 
				[
					{
						"children": 
						[
							
						],

						"observation": 27
					}
				],

				"observation": 29
			},

			{
				"children": 
				[
					{
						"children": 
						[
							
						],

						"observation": 33
					},

					{
						"children": 
						[
							{
								"children": 
								[
									
								],

								"observation": 34
							}
						],

						"observation": 22
					},

					{
						"children": 
						[
							
						],

						"observation": 8
					}
				],

				"observation": 14
			},

			{
				"children": 
				[
					
				],

				"observation": 22
			}
		],

		"observation": 17
	},

	"probabilityModel": 
	{
		"transitionProbabilities": 
		[
			[
				[
					0.30004888511936106,
					0.40941598041339494,
					0.20046149726898932,
					0.09007363719825463
				],

				[
					0.021175751568876577,
					0.43367032152541307,
					0.4156414041168162,
					0.12951252278889402
				],

				[
					0.3874320924802196,
					0.30265671069229727,
					0.016760745479217038,
					0.2931504513482661
				],

				[
					0.2611269356240966,
					0.38119273292365946,
					0.16205620682411745,
					0.1956241246281264
				],

				[
					0.053963970884954256,
					0.20380602296829683,
					0.4236937894892952,
					0.31853621665745374
				]
			],

			[
				[
					0.25304949473187316,
					0.28238791600825514,
					0.07247540890037733,
					0.39208718035949436
				],

				[
					0.33940273291603384,
					0.3032408747786533,
					0.0243210053261422,
					0.33303538697917057
				],

				[
					0.30571052642563246,
					0.19419082409665409,
					0.13273692700715087,
					0.3673617224705626
				],

				[
					0.1951421686303278,
					0.3080479727048289,
					0.4523648061326422,
					0.044445052532201136
				],

				[
					0.36451591966457336,
					0.09521091533080321,
					0.21953463544031787,
					0.32073852956430543
				]
			],

			[
				[
					0.3689257272074452,
					0.3462437884439666,
					0.034297869796059206,
					0.250532614552529
				],

				[
					0.05724931024561957,
					0.4917534456160658,
					0.12249290102767481,
					0.3285043431106397
				],

				[
					0.34717315654047914,
					0.09919218093855608,
					0.5059688573333077,
					0.0476658051876569
				],

				[
					0.5570605086539234,
					0.10747615521965093,
					0.18636601003266856,
					0.14909732609375698
				],

				[
					0.2854753899507757,
					0.2485191730820235,
					0.34447647700863565,
					0.12152895995856501
				]
			],

			[
				[
					0.05406397934840944,
					0.2912898616013818,
					0.3463571963820784,
					0.3082889626681304
				],

				[
					0.3953910229372503,
					0.010999559478214526,
					0.15981058633083264,
					0.4337988312537026
				],

				[
					0.5196649614746455,
					0.18831483942689325,
					0.17538027109626805,
					0.11663992800219321
				],

				[
					0.14113369101370346,
					0.41791258010117227,
					0.13787401766983876,
					0.3030797112152853
				],

				[
					0.32320445959591515,
					0.3119791423021468,
					0.007924523992763579,
					0.35689187410917445
				]
			],

			[
				[
					0.565225938275699,
					0.0841585329239484,
					0.30784471354518184,
					0.0427708152551708
				],

				[
					0.2662060929673373,
					0.4644938184943125,
					0.1305774722335629,
					0.13872261630478724
				],

				[
					0.30493480849216237,
					0.2885899209219805,
					0.2216539859187533,
					0.18482128466710385
				],

				[
					0.14121520741348753,
					0.3067630422039426,
					0.24872290270946446,
					0.30329884767310544
				],

				[
					0.26878531220412194,
					0.17951635020572101,
					0.16119502239600048,
					0.3905033151941566
				]
			]
		],

		"stateCount": 4,
		"observationCount": 36,
		"observationProbabilities": 
		[
			[
				0.04047433243629041,
				0.017108444944299122,
				0.021015075677837107,
				0.04066289441599553,
				0.035255697150807716,
				0.015822832592596706,
				0.010158060571006603,
				0.0327869524626465,
				0.047327362246302254,
				0.04049789648077464,
				0.03871166032528721,
				0.03817442877442378,
				0.024600876265815377,
				0.041925012960950865,
				0.010877011647825263,
				0.046906514850597145,
				0.01774633536497469,
				0.006054999425757913,
				0.012423437135183683,
				0.007749549419719853,
				0.014753636182110402,
				0.024114734486473735,
				0.03795639666218024,
				0.031654037087833625,
				0.04519943449626598,
				0.042717732295116564,
				0.04015423462446194,
				0.005401638020481053,
				0.03123884179983553,
				0.01663966986722504,
				0.045947322677787464,
				0.03949317973144813,
				0.029657181832217706,
				0.012669957872385377,
				0.008372174327920097,
				0.02775045288716492
			],

			[
				0.012853334184811096,
				0.016200450894748756,
				0.04673217250487577,
				0.017614237826319504,
				0.047312269422115076,
				8.599025246342877E-4,
				0.03793282404186357,
				0.03202061893582079,
				0.02037377233838795,
				0.02342150039699938,
				0.0391752644244404,
				0.005230702432961963,
				0.03857936728309596,
				0.034992864045517595,
				0.04800596322759156,
				0.049195160337487234,
				0.008161191266438224,
				2.608752619360099E-4,
				0.03207581652447135,
				0.028905254745686948,
				0.02623495353801801,
				0.03292739648426138,
				0.03408239944300823,
				0.013646766262717326,
				0.02366359455106775,
				0.02744954891019712,
				0.022585975934741313,
				0.04564207847037419,
				0.04399948195624057,
				1.6945714778346236E-4,
				0.02065308108611779,
				0.04097572255239254,
				0.03874237383662434,
				0.04825985495929716,
				0.004279024793856679,
				0.03678474745309848
			],

			[
				0.06401718675143933,
				0.0031743939212544024,
				0.007027162685504824,
				0.013876525548234875,
				0.009693832642007997,
				0.024244115374448875,
				0.06569332123489056,
				0.033416183464173244,
				0.022609494922975253,
				0.025083448211649376,
				0.03226589597442306,
				0.0020151197118322417,
				0.0050374957904149534,
				0.01910974500780412,
				0.0013972609835718921,
				0.05488546666023345,
				0.0076292006526351985,
				0.015431204928224937,
				0.02708702550029699,
				0.0596842374936682,
				0.051959780313268616,
				0.008410711141612485,
				0.02542030578898547,
				0.007848987644103772,
				0.0435351249335431,
				0.03213340556099615,
				0.031217479131667378,
				0.037185505329663804,
				0.023654671346011503,
				0.024028057710520512,
				0.06325803059629406,
				0.04950939989811117,
				0.06455187490435162,
				0.019550891078046705,
				0.003995378344530318,
				0.020362078818609675
			],

			[
				5.636763287827814E-4,
				6.534069419519669E-4,
				0.011670006457844644,
				0.028133877519281522,
				0.052035529074028,
				0.025842445295003985,
				0.020487937708095323,
				0.01407687771409681,
				0.04600580681298883,
				0.04015996671583885,
				0.029474299136524114,
				0.04146939344913287,
				0.03643124075459219,
				0.05404434359019884,
				0.014446912543996712,
				0.043012778153772635,
				0.01905162643314501,
				0.00797098413275766,
				0.04527865965689034,
				0.042989705697067775,
				0.01275524009933424,
				0.01259109222852238,
				0.046263141928905814,
				0.047012559933894145,
				0.014377019494807955,
				0.05292518336885597,
				0.026663671355693037,
				0.01881601852033304,
				0.04940003032443113,
				0.04699350023325794,
				0.014613331685361462,
				0.009529857952001054,
				0.03589446168118531,
				0.010090885324761824,
				0.01536028983917441,
				0.01291424191348961
			]
		]
	}
}